20
20
0000000000000I000000
0000000I000000000000
00000000000000000000
0I000000000000000I00
00000000000000000000
00000000000000000000
000000I0000000000000
0000000000000000000I
00000000000000000000
00000000000000000000
00000000000000000000
000000I0000000000000
00000000000000000000
00000000000000000000
00000000000000000000
00000000000000000000
00000I00000000000000
00000000000000000000
I0000000000000000000
0000000000000000000I

20
20
00010000000000000000
00000000000000000000
00000011110000000000
0100000I000000001000
00000000000000000000
00000100000000000100
00000000000001000000
00001000000000000000
00000011111100000000
0000001I000000000000
00000010000010000000
00000000000000000000
00100010000000000000
00000000000000000000
01000001000000000001
00000000100000000000
00100000000000000000
0I000000010000000000
00000100001000000100
0000000000000000100I

20
20
00000011001010011111
000I0000000111000101
00001010I10101101110
00101010001010101101
01111100I01111011110
01110001000001100010
1000000000I000101001
10100011101010000000
0111010111110100I001
10010010100000110010
11000111111100011010
1010110011011100I010
11001111010001101011
10111110111110011000
010110000100011010I0
11111001010111001110
10010000010010010110
11101011111100101110
11110001101100011010
01000010011011111010

20
20
00000000000000000000
00000000000000000000
00000000000000000000
00000000000000000000
00000000000000000000
00000000000000000000
00000000000000000000
00000000000000000000
00000000000000000000
00000000000000000000
00000000000000000000
00000000000000000000
00000000000000000000
00000000000000000000
00000000000000000000
00000000000000000000
00000000000000000000
00000000000000000000
00000000000000000000
0000000000000000000I