20
20
00010000000000000000
00000000000000000000
00000011110000000000
0100000I000000001000
00000000000000000000
00000100000000000100
00000000000001000000
00001000000000000000
00000011111100000000
0000001I000000000000
00000010000010000000
00000000000000000000
00100010000000000000
00000000000000000000
01000001000000000001
00000000100000000000
00100000000000000000
0I000000010000000000
00000100001000000100
0000000000000000100I

8
24
000001000000000000100000
000000001000000000000000
0000000000I00000000100I0
000001000000000000000000
000000000100000000000000
0I0000000000001000000000
00000100000000000000I000
000000100000000010000000