5
5
00I00
01000
100I0
11011
01I0I

20
20
00000011001010011111
000I0000000111000101
00001010I10101101110
00101010001010101101
01111100I01111011110
01110001000001100010
1000000000I000101001
10100011101010000000
0111010111110100I001
10010010100000110010
11000111111100011010
1010110011011100I010
11001111010001101011
10111110111110011000
010110000100011010I0
11111001010111001110
10010000010010010110
11101011111100101110
11110001101100011010
01000010011011111010


100
100
0100001100101001111101001110000111000101000010110101011011100010101000101010110101111100101111011110
0001000101110110001010000000000100101001101000111010101010000111010111110100000110010010100000110010
1100001111110001101010101100110111000110110011110100011011111011111011111001100001011000010001101111
1111100000011100111010010000010010010111111010111111001011101111000110110001101101000010011011111011
1011111100000111011011100100000110110100111011101111100001101001000101001001000001100001100101110011
0110000010100111101101111111111011010100001110111010010010011111101100000100010000010100101101100001
1000001100011110000010000001111001110011111011100011100001000111100010010001010101110101101001100010
1011101000000100110100111100000010011001000101001001101101110011101101110011010101101110111101100101
1110000000010000001101111101101000111100110001101000001100101110001000101000101110011010010010011000
1101011000011011111010011110011010100100110100010000110111001101000001100011101011111010011010001010
0101000010010111110010010110010001010110110000000111101011100011011111010111000010010000101000010000
1110010101000101110111000101010000110010011011011011000100100011001110010100111101011110011010001101
0011000010001111010101000010000111100010010010000111100010100100100000010101010110000110100001101010
0001011111000101111100010100001100010000011010010001111110010111001000110100101010100101111011011000
0001101111010001111101000100011110011011000101100001010110000010000010100001000111111111010100111011
0101011110010010000101011001100001010010100001110001111100101000110011110011010111111010111010111101
1010111100100000101101001101111101010011110001100111001000001000000110101010000100011001110100101001
0100011000011000010101110100101000110101100101001100001110111100001000001111100011100100100101100110
0011111110010001111110001010011110110110010111010000111100110110000001101101111000110011111000011100
1111111110111011011000011111110011011111011001010111001001001111111110000011110010001010001100110010
1010011010111000000010011110011011100110011000000110110110101111010100010011000110010010111101110011
1010010111111010110000011110010100011011011011011100000000110010010001011011000001010111110010100111
1001100011101001101100010101100111110000001100100100110011010110100011110111110011110000001101010101
1110111110011000111000000101111111101101000011101011010111001000101100001110101111101010001110010001
1100111101101010111101100011100101001000011100000000000110010101111010100001111000110000011110110100
1100011001110001111011000111111110100111110001111101101001001011110110111000000000001010111101011111
1111110000001111100100100001110100100010101111110011010010011110111001111111001111001111011011111111
0110010100110000011011110000000100011110000110110100100011010110110111010010110011101011101010110110
1000111111001011010010111010010001111110111001011101111101111001001101011001011001101100000011010011
1011101010100110001100000000101110011001110010100101000110111000110100010100110011010110001110010111
0011111110010110101111110010000010010010101101000000100010111001111111010011100000001110110101111111
1000000001110001100111101101100101010101101100100000001001000101111110110011110001110001000101011011
0111001100000101001110100000000010101101000101110110010111001101000100111010010010100000111110101000
1001100101000010001000001000111000010010001000111101010101000010010001110101001110100001111011101010
0110000101100110110110011011111100010111100101001101110100110111101100111110100101100001111111100000
1001000011000101011110100110001010001001000101110010111001110111001010011010001111110101011111111101
1011101011111110100001111111000010001011011111011010010010100010111001001101111101111010011100000011
0100110101011000101001010001110111000011001010101110010100000100100010000110001100010001110010111011
1000000010011110000000101111011100000110100100100011101101101100011101000100001101000010011000110011
0000001011001101000100011100001100010000001100101001101100010011011001100001100010011010000100110100
1110001010111011010101111110111011100010100110000100000001111001000010111110001011100010010001000110
1101110101001010111100010000001011111000000010001000010100001111110110000100111100011100011110110010
0101110111100010100000011111000101101101111011010101001100111000101101000000010111100001100101000000
1110001100100000110111101011100110000000111100000100001011001101100010001000110111001101110100101111
0000010011001011000011100110111100011110000011000100001101111111001011111001001000111000000100110110
0100000010101111001010000001000101000010110010011001010101111000011001111000110111101000100111000111
1010101010010100011000001010000011110100000001011010001010101001001011100111101001111001101110111101
1010010101011011100110101101010000000101110000010110001000110010101000010101111000111010111101000011
1010100111000000101001011100001001101001010100011100111010100111010001001100100101101111000100110000
0110100011000000001010010111010010100010100001010101101001011000111001000111100001000011110101001001
0100110101010011110111001100110011111110101011001000011000100010100100100100101111001110001010111100
0011001011011000011100001111100010100110101010000001001001000100101001100111110000110111101010111100
1010100100011000001011110110101101100000110011100101101010111100001110001011010001001001101010101000
1011111011101001011000101010111101001011001110100001101111011000011000101101001110111100010011001001
1001010100111111000110010101111100010111011000011001101011011011101000110101001111111001001011001110
0111000110111011111001101111101001010101101110110101110111010001010101100001101001001101111000110001
0001111100010100000000001000111010011100011100011100010001100110110111000001011010001110010100000100
0111101001100110110001010100011110111101110011011110000011101000100100100110100100100000101110011000
1010011010100101010000111011100100010010010111101000100011100001100010000100101110011010011100001100
0111110100110010101001101011000101101000100001000001100011100100101111010011001110111111100001100000
0101000110101001011000110001110011011111000010000011111000000110010011010000101011001011110011101111
1110011001101011101101001001001000110101100111010011000000011110011100100010001111111100100100111110
0111011001011111100110001001000101001011001001100011100010001001010000011011010000011101010100110010
1001001101000101011111110111010010101101100101111101101010000000101001010111110111100010110011010001
0111110111101010110101001100100001111010001011111010001011110001101110001011001111010100110010011110
0110000010010111111110011010011111010100011111101101101111000000110011001000001110111011010101101001
1101010110110010111010111101010011100010010100000001001000011101011101011111010101110101100100110111
1000000101000001100111100111011010100011100010011111110000011100010100001110010011001010110110100111
0011010011101110011011110111111101110000011111000010011101101000000110110110001111010011000010101110
0101100010010011101111010100101000011101000110011011011111110100110111000100011111101011011110010100
0111111011011110010111110100111010110100101101011011011110000110010110011000010000010101010010101101
0000111110011010000111011111101010100101011001111101111111111000000001110101110111111000000010101001
1010010011111110001000101110100110000100000001100111111101001101111000001100101111110111010011011011
1011001111110111001100000110110100011010010101110111000100000011100010101010010100111100010000011101
1001100111100000011100011011001011000100101011101010101011011101100000000000011101000011111110111101
1111100000010011111111111011011011111010101011001100110101011001100110011000001100000111101111010111
0110011001011100101011001101111011001010100100011000111100100100010000000101001110011000101110000110
1010110001000110001110111001110100000101111101010110011010010110101000111110000001111111101011110000
1001000010110010011011010011100001010011111001100110000100101110111101101111110000110011110011101100
1010010011000001001011111001010100010110100011101101101111111011101001000111110001101011011011010111
1001011010101101001100100010010100110100000011000111011101001000100001111011000000010000011000101010
0000100100111001110010111101010001101100010001011100010011011100000001111011101100000101011000011101
1010110110011101011101010110100011111001111111101100100000011101100011011111101100111001011000101011
0110110100100100110000111101011111010011110001000111111100010000110000011000011101101100111010010100
1101010000010100110100101000011010011100010111101000101110010101001000100001000100011111011011000001
1000000111100100110011111000110110101001110010110000010001110110011010010000100010110001011110000010
0001111100011010101101100110011111011001111011110110001100010100111100100110101100010001110111011000
1011100110101010001000010010101001000100110100011010100011100111000100100001100110001010001101010101
0011100111100010111001101000011001000101100000000000101110101110110011001110001000001101001001001100
1111010111000011001001110010001101110100111011000111100010011010111010110110100000100000110110010001
1011010011101101000001000000110000011101010010011000000011110001110101111100010001100010111000001110
0100111010111000100100011001000111111110110101010111011100110100100000101000000101100100000101010000
1011111000010000011111001101010100100111100011000010001101101001100111110001110010100101100011000100
1001001000100100110011111001010110101110010111111001100111110110011011101011011101100011111011101111
1001101101101111111101001001001010000001000101101100110101110101010101000101101000100000001000011100
1110100010100110101011101011000001100111010101000111100110111100110010001010001101110111001100000110
1101000110110010010100111101110111100001101111001111011011001001010001010011000000010001100110100011
0011111001010110111100101110001111000011000010110101100111100110101010111001100111110000110010101011
1111000101101100100111010100010011010111110111101001001101011101111101101110111100111010000001010111
110010100101011101010000010110100111010011001100100111000110011111111001111110101001111000000000000I
